g_colors <- list(
  white = "#FFFFFF",
  blue = "#002856",
  sky = "#009AD7",
  tangerine = "#FF540A",
  lemon = "#FEC10D",
  rose = "#E81159",
  surf = "#06C4B0",
  steel = "#6F7878",
  black = "#000000",
  steel_accessible = "#535A5A",
  rose_accessible = "AF0D43"
)
